	2506520024	2687453699	2767802316	2767802455	644736333	GCA_000310125.2	GCA_003332265.1	Reactor4-bin.4	spades-bin.32
2506520024	2497	1966	2024	1952	2069	1949	1862	2010	1834
2687453699	1966	3385	2536	2455	2609	1986	2700	2577	3021
2767802316	2024	2536	3916	2741	3879	2047	2475	2864	2355
2767802455	1952	2455	2741	3400	2840	1987	2435	2700	2327
644736333	2069	2609	3879	2840	4082	2106	2556	2914	2418
GCA_000310125.2	1949	1986	2047	1987	2106	2683	1939	2028	1860
GCA_003332265.1	1862	2700	2475	2435	2556	1939	3238	2517	2570
Reactor4-bin.4	2010	2577	2864	2700	2914	2028	2517	3376	2400
spades-bin.32	1834	3021	2355	2327	2418	1860	2570	2400	3250
