	2506520024	2687453699	2767802316	2767802455	644736333	GCA_000310125.2	GCA_003332265.1	Reactor4-bin.4	spades-bin.32
2506520024	0.0	1796.0	1767.0	1693.0	1889.0	1733.0	1675.0	1790.0	1643.0
2687453699	1796.0	0.0	2395.0	2283.0	2536.0	1778.0	2655.0	2448.0	3101.0
2767802316	1767.0	2395.0	0.0	2489.0	3930.0	1735.0	2292.0	2696.0	2212.0
2767802455	1693.0	2283.0	2489.0	0.0	2648.0	1661.0	2201.0	2483.0	2128.0
644736333	1889.0	2536.0	3930.0	2648.0	0.0	1872.0	2415.0	2791.0	2324.0
GCA_000310125.2	1733.0	1778.0	1735.0	1661.0	1872.0	0.0	1689.0	1755.0	1630.0
GCA_003332265.1	1675.0	2655.0	2292.0	2201.0	2415.0	1689.0	0.0	2345.0	2490.0
Reactor4-bin.4	1790.0	2448.0	2696.0	2483.0	2791.0	1755.0	2345.0	0.0	2247.0
spades-bin.32	1643.0	3101.0	2212.0	2128.0	2324.0	1630.0	2490.0	2247.0	0.0
